#ARM1

 MatrixTransform
    {
 -0.000000 0.522471 -0.852657 0.000000
      -0.000000 0.852657 0.522471 0.000000
      1.000000 0.000000 -0.000000 0.000000
      0.032254 0.033244 0.323403 1.000000
}
# Arm2
    MatrixTransform
    {
      matrix
      -0.000000 0.522471 -0.852657 0.000000
      -0.000000 0.852657 0.522471 0.000000
      1.000000 0.000000 -0.000000 0.000000
      0.032254 0.033244 0.323403 1.000000
    }

 # Arm3
    MatrixTransform
    {
      matrix
      -0.000000 0.522471 -0.852657 0.000000
      -0.000000 0.852657 0.522471 0.000000
      1.000000 0.000000 -0.000000 0.000000
      0.032254 0.033244 0.323403 1.000000
    }

# Arm4
    MatrixTransform
    {
      matrix
      -0.000000 0.500000 -0.866025 0.000000
      0.000000 0.866025 0.500000 0.000000
      1.000000 0.000000 -0.000000 0.000000
      0.000000 0.035027 0.582052 1.000000
    }

#Arm 5

MatrixTransform
    {
      matrix
      -0.000000 0.500000 -0.866025 0.000000
      0.000000 0.866025 0.500000 0.000000
      1.000000 0.000000 -0.000000 0.000000
      -0.000454 0.030928 0.665966 1.000000
    }

# Arm0.005
    MatrixTransform
    {
      matrix
      1.000000 0.000000 0.000000 0.000000
      0.000000 -0.000000 1.000000 0.000000
      0.000000 -1.000000 -0.000000 0.000000
      0.000000 -0.015612 0.144310 1.000000
    }
